1 -1 1 -1 1 -1 1 -1 #SUP: 242
1 -1 1 -1 1 -1 1 -1 1 -1 #SUP: 103
1 -1 1 -1 1 -1 1 -1 1 -1 1 -1 #SUP: 41
1 -1 1 -1 1 -1 1 -1 1 -1 2 -1 #SUP: 52
1 -1 1 -1 1 -1 1 -1 2 -1 #SUP: 118
1 -1 1 -1 1 -1 1 -1 2 -1 2 -1 #SUP: 57
1 -1 1 -1 1 -1 1 -1 3 -1 #SUP: 38
1 -1 1 -1 1 -1 2 -1 #SUP: 218
1 -1 1 -1 1 -1 2 -1 2 -1 #SUP: 101
1 -1 1 -1 1 -1 2 -1 2 -1 2 -1 #SUP: 39
1 -1 1 -1 1 -1 2 -1 3 -1 #SUP: 48
1 -1 1 -1 1 -1 3 -1 #SUP: 76
1 -1 1 -1 2 -1 1 -1 #SUP: 73
1 -1 1 -1 2 -1 1 -1 1 -1 #SUP: 36
1 -1 1 -1 2 -1 2 -1 #SUP: 153
1 -1 1 -1 2 -1 2 -1 2 -1 #SUP: 57
1 -1 1 -1 2 -1 2 -1 3 -1 #SUP: 46
1 -1 1 -1 2 -1 3 -1 #SUP: 70
1 -1 1 -1 2 -1 4 -1 #SUP: 34
1 -1 2 -1 1 -1 1 -1 #SUP: 80
1 -1 2 -1 1 -1 1 -1 1 -1 #SUP: 37
1 -1 2 -1 2 -1 1 -1 #SUP: 44
1 -1 2 -1 2 -1 2 -1 #SUP: 90
1 -1 2 -1 2 -1 2 -1 2 -1 #SUP: 45
1 -1 2 -1 2 -1 3 -1 #SUP: 53
1 -1 2 -1 3 -1 2 -1 #SUP: 37
2 -1 1 -1 1 -1 1 -1 #SUP: 200
2 -1 1 -1 1 -1 1 -1 1 -1 #SUP: 114
2 -1 1 -1 1 -1 1 -1 1 -1 1 -1 #SUP: 47
2 -1 1 -1 1 -1 1 -1 2 -1 #SUP: 46
2 -1 1 -1 1 -1 2 -1 #SUP: 84
2 -1 1 -1 2 -1 1 -1 #SUP: 36
2 -1 1 -1 2 -1 2 -1 #SUP: 40
2 -1 2 -1 1 -1 1 -1 #SUP: 134
2 -1 2 -1 1 -1 1 -1 1 -1 #SUP: 75
2 -1 2 -1 1 -1 1 -1 1 -1 1 -1 #SUP: 43
2 -1 2 -1 1 -1 1 -1 2 -1 #SUP: 35
2 -1 2 -1 1 -1 2 -1 #SUP: 50
2 -1 2 -1 2 -1 1 -1 #SUP: 90
2 -1 2 -1 2 -1 1 -1 1 -1 #SUP: 57
2 -1 2 -1 2 -1 1 -1 1 -1 1 -1 #SUP: 35
2 -1 2 -1 2 -1 2 -1 #SUP: 92
2 -1 2 -1 2 -1 2 -1 1 -1 #SUP: 35
2 -1 2 -1 2 -1 2 -1 2 -1 #SUP: 43
2 -1 2 -1 2 -1 3 -1 #SUP: 60
2 -1 2 -1 3 -1 3 -1 #SUP: 54
2 -1 3 -1 3 -1 3 -1 #SUP: 41
3 -1 1 -1 1 -1 1 -1 #SUP: 63
3 -1 2 -1 1 -1 1 -1 #SUP: 83
3 -1 2 -1 1 -1 1 -1 1 -1 #SUP: 50
3 -1 2 -1 2 -1 1 -1 #SUP: 44
3 -1 2 -1 2 -1 1 -1 1 -1 #SUP: 36
3 -1 2 -1 2 -1 2 -1 #SUP: 69
3 -1 3 -1 2 -1 1 -1 #SUP: 37
3 -1 3 -1 2 -1 2 -1 #SUP: 46
3 -1 3 -1 4 -1 5 -1 #SUP: 39
3 -1 4 -1 5 -1 5 -1 #SUP: 41
3 -1 4 -1 5 -1 6 -1 #SUP: 41
3 -1 5 -1 5 -1 5 -1 #SUP: 35
4 -1 3 -1 2 -1 2 -1 #SUP: 40
4 -1 4 -1 4 -1 5 -1 #SUP: 39
4 -1 4 -1 5 -1 5 -1 #SUP: 42
4 -1 4 -1 5 -1 6 -1 #SUP: 41
4 -1 4 -1 6 -1 6 -1 #SUP: 35
4 -1 5 -1 5 -1 5 -1 #SUP: 69
4 -1 5 -1 5 -1 6 -1 #SUP: 47
4 -1 5 -1 6 -1 5 -1 #SUP: 36
4 -1 5 -1 6 -1 6 -1 #SUP: 87
4 -1 5 -1 6 -1 6 -1 6 -1 #SUP: 58
4 -1 6 -1 6 -1 6 -1 #SUP: 75
4 -1 6 -1 6 -1 6 -1 6 -1 #SUP: 44
5 -1 4 -1 4 -1 4 -1 #SUP: 50
5 -1 4 -1 5 -1 5 -1 #SUP: 41
5 -1 5 -1 4 -1 4 -1 #SUP: 53
5 -1 5 -1 4 -1 5 -1 #SUP: 41
5 -1 5 -1 5 -1 4 -1 #SUP: 64
5 -1 5 -1 5 -1 5 -1 #SUP: 96
5 -1 5 -1 5 -1 5 -1 5 -1 #SUP: 41
5 -1 5 -1 5 -1 5 -1 6 -1 #SUP: 45
5 -1 5 -1 5 -1 5 -1 6 -1 6 -1 #SUP: 35
5 -1 5 -1 5 -1 6 -1 #SUP: 100
5 -1 5 -1 5 -1 6 -1 6 -1 #SUP: 72
5 -1 5 -1 5 -1 6 -1 6 -1 6 -1 #SUP: 48
5 -1 5 -1 6 -1 5 -1 #SUP: 54
5 -1 5 -1 6 -1 6 -1 #SUP: 150
5 -1 5 -1 6 -1 6 -1 6 -1 #SUP: 100
5 -1 5 -1 6 -1 6 -1 6 -1 6 -1 #SUP: 47
5 -1 6 -1 5 -1 5 -1 #SUP: 55
5 -1 6 -1 6 -1 5 -1 #SUP: 74
5 -1 6 -1 6 -1 6 -1 #SUP: 237
5 -1 6 -1 6 -1 6 -1 5 -1 #SUP: 61
5 -1 6 -1 6 -1 6 -1 6 -1 #SUP: 118
5 -1 6 -1 6 -1 6 -1 6 -1 5 -1 #SUP: 34
5 -1 6 -1 6 -1 6 -1 6 -1 6 -1 #SUP: 52
6 -1 5 -1 5 -1 4 -1 #SUP: 63
6 -1 5 -1 5 -1 5 -1 #SUP: 89
6 -1 5 -1 5 -1 5 -1 5 -1 #SUP: 46
6 -1 5 -1 5 -1 6 -1 #SUP: 46
6 -1 5 -1 6 -1 5 -1 #SUP: 38
6 -1 5 -1 6 -1 6 -1 #SUP: 73
6 -1 5 -1 6 -1 6 -1 6 -1 #SUP: 42
6 -1 6 -1 5 -1 3 -1 #SUP: 44
6 -1 6 -1 5 -1 4 -1 #SUP: 74
6 -1 6 -1 5 -1 5 -1 #SUP: 138
6 -1 6 -1 5 -1 5 -1 4 -1 #SUP: 44
6 -1 6 -1 5 -1 5 -1 5 -1 #SUP: 42
6 -1 6 -1 5 -1 6 -1 #SUP: 66
6 -1 6 -1 6 -1 4 -1 #SUP: 66
6 -1 6 -1 6 -1 5 -1 #SUP: 218
6 -1 6 -1 6 -1 5 -1 4 -1 #SUP: 45
6 -1 6 -1 6 -1 5 -1 5 -1 #SUP: 87
6 -1 6 -1 6 -1 5 -1 6 -1 #SUP: 34
6 -1 6 -1 6 -1 6 -1 #SUP: 242
6 -1 6 -1 6 -1 6 -1 5 -1 #SUP: 117
6 -1 6 -1 6 -1 6 -1 5 -1 5 -1 #SUP: 48
6 -1 6 -1 6 -1 6 -1 6 -1 #SUP: 118
6 -1 6 -1 6 -1 6 -1 6 -1 5 -1 #SUP: 43
6 -1 6 -1 6 -1 6 -1 6 -1 6 -1 #SUP: 44
